date,new_daily_cases,new_daily_deaths,total_cases,total_recoveries,total_deaths,country,code
2020-01-22,1,0,1,0,0,USA,US
2020-01-23,0,0,1,0,0,USA,US
2020-01-24,1,0,2,0,0,USA,US
2020-01-25,0,0,2,0,0,USA,US
2020-01-26,3,0,5,0,0,USA,US
2020-01-27,0,0,5,0,0,USA,US
2020-01-28,0,0,5,0,0,USA,US
2020-01-29,0,0,5,0,0,USA,US
2020-01-30,0,0,5,0,0,USA,US
2020-01-31,2,0,7,0,0,USA,US
2020-02-01,1,0,8,0,0,USA,US
2020-02-02,0,0,8,0,0,USA,US
2020-02-03,3,0,11,0,0,USA,US
2020-02-04,0,0,11,0,0,USA,US
2020-02-05,0,0,11,0,0,USA,US
2020-02-06,0,0,11,0,0,USA,US
2020-02-07,0,0,11,0,0,USA,US
2020-02-08,0,0,11,0,0,USA,US
2020-02-09,0,0,11,3,0,USA,US
2020-02-10,0,0,11,3,0,USA,US
2020-02-11,1,0,12,3,0,USA,US
2020-02-12,0,0,12,3,0,USA,US
2020-02-13,1,0,13,3,0,USA,US
2020-02-14,0,0,13,3,0,USA,US
2020-02-15,0,0,13,3,0,USA,US
2020-02-16,0,0,13,3,0,USA,US
2020-02-17,0,0,13,3,0,USA,US
2020-02-18,0,0,13,3,0,USA,US
2020-02-19,0,0,13,3,0,USA,US
2020-02-20,0,0,13,3,0,USA,US
2020-02-21,2,0,15,5,0,USA,US
2020-02-22,0,0,15,5,0,USA,US
2020-02-23,0,0,15,5,0,USA,US
2020-02-24,36,0,51,5,0,USA,US
2020-02-25,0,0,51,6,0,USA,US
2020-02-26,6,0,57,6,0,USA,US
2020-02-27,1,0,58,6,0,USA,US
2020-02-28,2,0,60,7,0,USA,US
2020-02-29,8,1,68,7,1,USA,US
2020-03-01,6,0,74,7,1,USA,US
2020-03-02,24,5,98,7,6,USA,US
2020-03-03,20,1,118,7,7,USA,US
2020-03-04,31,4,149,7,11,USA,US
2020-03-05,68,1,217,7,12,USA,US
2020-03-06,45,2,262,7,14,USA,US
2020-03-07,140,3,402,7,17,USA,US
2020-03-08,116,4,518,7,21,USA,US
2020-03-09,65,1,583,7,22,USA,US
2020-03-10,376,6,959,8,28,USA,US
2020-03-11,322,8,1281,8,36,USA,US
2020-03-12,382,4,1663,12,40,USA,US
2020-03-13,516,7,2179,12,47,USA,US
2020-03-14,548,7,2727,12,54,USA,US
2020-03-15,772,9,3499,12,63,USA,US
2020-03-16,1133,22,4632,17,85,USA,US
2020-03-17,1789,23,6421,17,108,USA,US
2020-03-18,1362,10,7783,105,118,USA,US
2020-03-19,5894,82,13677,121,200,USA,US
2020-03-20,5423,44,19100,147,244,USA,US
2020-03-21,6389,63,25489,176,307,USA,US
2020-03-22,7787,110,33276,178,417,USA,US
2020-03-23,10571,140,43847,178,557,USA,US
2020-03-24,9893,149,53740,348,706,USA,US
2020-03-25,12038,236,65778,361,942,USA,US
2020-03-26,18058,267,83836,681,1209,USA,US
2020-03-27,17821,372,101657,869,1581,USA,US
2020-03-28,19821,445,121478,1072,2026,USA,US
2020-03-29,19408,441,140886,2665,2467,USA,US
2020-03-30,20921,511,161807,5644,2978,USA,US
2020-03-31,26365,895,188172,7024,3873,USA,US
2020-04-01,25200,884,213372,8474,4757,USA,US
2020-04-02,32201,1301,245573,0,6058,USA,US
2020-04-03,30013,1029,275586,0,7087,USA,US
2020-04-04,32947,1289,308533,0,8376,USA,US
2020-04-05,28539,1243,337072,0,9619,USA,US
2020-04-06,29542,1164,366614,0,10783,USA,US
2020-04-07,29609,1939,396223,0,12722,USA,US
2020-04-08,32829,1973,429052,0,14695,USA,US
2020-04-09,32385,1783,461437,0,16478,USA,US
2020-04-10,35098,2108,496535,0,18586,USA,US
2020-04-11,29861,1877,526396,0,20463,USA,US
2020-04-12,28917,1557,555313,0,22020,USA,US
2020-04-13,24887,1509,580200,0,23529,USA,US
2020-04-14,22789,2046,602989,0,25575,USA,US
2020-04-15,33361,2751,636350,0,28326,USA,US
2020-04-16,30875,4542,667225,0,32868,USA,US
2020-04-17,31880,3859,699105,0,36727,USA,US
2020-04-18,33092,1937,732197,0,38664,USA,US
2020-04-19,23336,1797,755533,0,40461,USA,US
2020-04-20,27757,1411,783290,0,41872,USA,US
2020-04-21,39967,2933,823257,0,44805,USA,US
2020-04-22,14690,1692,837947,0,46497,USA,US
2020-04-23,28699,3262,866646,0,49759,USA,US
2020-04-24,23878,1258,890524,0,51017,USA,US
2020-04-25,43409,2432,933933,0,53449,USA,US
2020-04-26,29446,1361,963379,0,54810,USA,US
2020-04-27,23643,1334,987022,0,56144,USA,US
2020-04-28,24578,2199,1011600,0,58343,USA,US
2020-04-29,26370,2510,1037970,0,60853,USA,US
2020-04-30,30726,2053,1068696,0,62906,USA,US
2020-05-01,34007,1883,1102703,0,64789,USA,US
2020-05-02,25009,1286,1127712,0,66075,USA,US
2020-05-03,29975,1599,1157687,0,67674,USA,US
2020-05-04,21219,1015,1178906,0,68689,USA,US
2020-05-05,24596,2333,1203502,0,71022,USA,US
2020-05-06,19966,2017,1223468,0,73039,USA,US
2020-05-07,31282,2504,1254750,0,75543,USA,US
2020-05-08,27310,1583,1282060,0,77126,USA,US
2020-05-09,27104,1620,1309164,0,78746,USA,US
2020-05-10,19037,762,1328201,0,79508,USA,US
2020-05-11,18522,844,1346723,0,80352,USA,US
