date,new_daily_cases,new_daily_deaths,total_cases,total_recoveries,total_deaths,country,code
2020-01-31,2,0,2,0,0,Italy,IT
2020-02-01,0,0,2,0,0,Italy,IT
2020-02-02,0,0,2,0,0,Italy,IT
2020-02-03,0,0,2,0,0,Italy,IT
2020-02-04,0,0,2,0,0,Italy,IT
2020-02-05,0,0,2,0,0,Italy,IT
2020-02-06,0,0,2,0,0,Italy,IT
2020-02-07,1,0,3,0,0,Italy,IT
2020-02-08,0,0,3,0,0,Italy,IT
2020-02-09,0,0,3,0,0,Italy,IT
2020-02-10,0,0,3,0,0,Italy,IT
2020-02-11,0,0,3,0,0,Italy,IT
2020-02-12,0,0,3,0,0,Italy,IT
2020-02-13,0,0,3,0,0,Italy,IT
2020-02-14,0,0,3,0,0,Italy,IT
2020-02-15,0,0,3,0,0,Italy,IT
2020-02-16,0,0,3,0,0,Italy,IT
2020-02-17,0,0,3,0,0,Italy,IT
2020-02-18,0,0,3,0,0,Italy,IT
2020-02-19,0,0,3,0,0,Italy,IT
2020-02-20,0,0,3,0,0,Italy,IT
2020-02-21,17,1,20,0,1,Italy,IT
2020-02-22,42,1,62,1,2,Italy,IT
2020-02-23,93,1,155,2,3,Italy,IT
2020-02-24,74,4,229,1,7,Italy,IT
2020-02-25,93,3,322,1,10,Italy,IT
2020-02-26,131,2,453,3,12,Italy,IT
2020-02-27,202,5,655,45,17,Italy,IT
2020-02-28,233,4,888,46,21,Italy,IT
2020-02-29,240,8,1128,46,29,Italy,IT
2020-03-01,566,5,1694,83,34,Italy,IT
2020-03-02,342,18,2036,149,52,Italy,IT
2020-03-03,466,27,2502,160,79,Italy,IT
2020-03-04,587,28,3089,276,107,Italy,IT
2020-03-05,769,41,3858,414,148,Italy,IT
2020-03-06,778,49,4636,523,197,Italy,IT
2020-03-07,1247,36,5883,589,233,Italy,IT
2020-03-08,1492,133,7375,622,366,Italy,IT
2020-03-09,1797,97,9172,724,463,Italy,IT
2020-03-10,977,168,10149,724,631,Italy,IT
2020-03-11,2313,196,12462,1045,827,Italy,IT
2020-03-12,0,0,12462,1045,827,Italy,IT
2020-03-13,5198,439,17660,1439,1266,Italy,IT
2020-03-14,3497,175,21157,1966,1441,Italy,IT
2020-03-15,3590,368,24747,2335,1809,Italy,IT
2020-03-16,3233,349,27980,2749,2158,Italy,IT
2020-03-17,3526,345,31506,2941,2503,Italy,IT
2020-03-18,4207,475,35713,4025,2978,Italy,IT
2020-03-19,5322,427,41035,4440,3405,Italy,IT
2020-03-20,5986,627,47021,4440,4032,Italy,IT
2020-03-21,6557,793,53578,6072,4825,Italy,IT
2020-03-22,5560,651,59138,7024,5476,Italy,IT
2020-03-23,4789,601,63927,7024,6077,Italy,IT
2020-03-24,5249,743,69176,8326,6820,Italy,IT
2020-03-25,5210,683,74386,9362,7503,Italy,IT
2020-03-26,6203,712,80589,10361,8215,Italy,IT
2020-03-27,5909,919,86498,10950,9134,Italy,IT
2020-03-28,5974,889,92472,12384,10023,Italy,IT
2020-03-29,5217,756,97689,13030,10779,Italy,IT
2020-03-30,4050,812,101739,14620,11591,Italy,IT
2020-03-31,4053,837,105792,15729,12428,Italy,IT
2020-04-01,4782,727,110574,16847,13155,Italy,IT
2020-04-02,4668,760,115242,7024,13915,Italy,IT
2020-04-03,4585,766,119827,7024,14681,Italy,IT
2020-04-04,4805,681,124632,7024,15362,Italy,IT
2020-04-05,4316,525,128948,7024,15887,Italy,IT
2020-04-06,3599,636,132547,7024,16523,Italy,IT
2020-04-07,3039,604,135586,7024,17127,Italy,IT
2020-04-08,3836,542,139422,7024,17669,Italy,IT
2020-04-09,4204,610,143626,7024,18279,Italy,IT
2020-04-10,3951,570,147577,7024,18849,Italy,IT
2020-04-11,4694,619,152271,7024,19468,Italy,IT
2020-04-12,4092,431,156363,7024,19899,Italy,IT
2020-04-13,3153,566,159516,7024,20465,Italy,IT
2020-04-14,2972,602,162488,7024,21067,Italy,IT
2020-04-15,2667,578,165155,7024,21645,Italy,IT
2020-04-16,3786,525,168941,7024,22170,Italy,IT
2020-04-17,3493,575,172434,7024,22745,Italy,IT
2020-04-18,3491,482,175925,7024,23227,Italy,IT
2020-04-19,3047,433,178972,7024,23660,Italy,IT
2020-04-20,2256,454,181228,7024,24114,Italy,IT
2020-04-21,2729,534,183957,7024,24648,Italy,IT
2020-04-22,3370,437,187327,7024,25085,Italy,IT
2020-04-23,2646,464,189973,7024,25549,Italy,IT
2020-04-24,3021,420,192994,7024,25969,Italy,IT
2020-04-25,2357,415,195351,7024,26384,Italy,IT
2020-04-26,2324,260,197675,7024,26644,Italy,IT
2020-04-27,1739,333,199414,7024,26977,Italy,IT
2020-04-28,2091,382,201505,7024,27359,Italy,IT
2020-04-29,2086,323,203591,7024,27682,Italy,IT
2020-04-30,1872,285,205463,7024,27967,Italy,IT
2020-05-01,1965,269,207428,7024,28236,Italy,IT
2020-05-02,1900,474,209328,7024,28710,Italy,IT
2020-05-03,1389,174,210717,7024,28884,Italy,IT
2020-05-04,1221,195,211938,7024,29079,Italy,IT
2020-05-05,1075,236,213013,7024,29315,Italy,IT
2020-05-06,1444,369,214457,7024,29684,Italy,IT
2020-05-07,1401,274,215858,7024,29958,Italy,IT
2020-05-08,1327,243,217185,7024,30201,Italy,IT
2020-05-09,1083,194,218268,7024,30395,Italy,IT
2020-05-10,802,165,219070,7024,30560,Italy,IT
2020-05-11,744,179,219814,7024,30739,Italy,IT
2020-05-12,1402,172,221216,7024,30911,Italy,IT
2020-05-13,888,195,222104,7024,31106,Italy,IT
2020-05-14,992,262,223096,115288,31368,Italy,IT
2020-05-15,789,242,223885,115288,31610,Italy,IT
2020-05-16,875,153,224760,115288,31763,Italy,IT
2020-05-17,675,145,225435,115288,31908,Italy,IT
2020-05-18,451,99,225886,115288,32007,Italy,IT
2020-05-19,813,162,226699,115288,32169,Italy,IT
